[1] 4
            [,1]          [,2]          [,3]          [,4]
 [1,]  0.3449641 -5.876899e-16 -1.913518e-16  1.151792e-16
 [2,] -0.1097950 -1.303870e-02  2.562929e-02 -1.640734e-02
 [3,] -0.1097950 -1.782958e-01  1.964382e-01 -2.792415e-01
 [4,] -0.1097950  4.362518e-01  8.816005e-02 -4.869887e-02
 [5,] -0.1097950 -1.530344e-01  1.811045e-01  1.514337e-01
 [6,]  0.3449641  2.372005e-16  1.563959e-17  6.899820e-17
 [7,] -0.1097950 -3.945330e-02 -8.837567e-02  3.492843e-01
 [8,] -0.1097950 -5.242955e-02 -4.029564e-01 -1.563703e-01
 [9,]  0.3138057 -6.035043e-16 -1.962616e-16  1.177569e-16
[10,] -0.1097950 -1.303870e-02  2.562929e-02 -1.640734e-02
[11,] -0.1097950 -1.782958e-01  1.964382e-01 -2.792415e-01
[12,] -0.1097950  4.362518e-01  8.816005e-02 -4.869887e-02
[13,] -0.1097950 -1.530344e-01  1.811045e-01  1.514337e-01
[14,]  0.3138057  3.429211e-16  1.303299e-18 -1.609958e-17
[15,] -0.1097950 -3.945330e-02 -8.837567e-02  3.492843e-01
[16,] -0.1097950 -5.242955e-02 -4.029564e-01 -1.563703e-01
 num [1:16, 1:4] 0.345 -0.11 -0.11 -0.11 -0.11 ...
 - attr(*, "dimnames")=List of 2
  ..$ : NULL
  ..$ : NULL
NULL
